45
45
250
000000000000000000000000000000000000000100000
000000000000000000000000000000000000001110000
000000000000000000000000000000000000001011000
000000000000000000000000000000000000000011100
000000000000000000000011001000000000000011000
000000000000000000000001100010000000000010000
000000000000000000000000000010000000000000000
000000000000000000000000010010000000000000000
000000000000000001100000001100000000000000000
000000000000000010100000000000000000000000000
000000000000000011100000000000000000000000000
000000000000000000000000000000000000000000000
000000000000000000000000000000000000000000000
000000000000000000000000000000000000000000000
000000000000000000000000000000000000000000000
000000000000000000000000000000000000000000000
000000000000000000000000000000000000000000000
000000000000000000000000000000000000000000000
000000000000000000000000000000000000000001000
000000000000010000000000000000000000000011100
000000000000101000000000000000000000000100100
000000000000010000000000000000000000000111000
000000000000001000000000000000000000000010000
000000000000000000000000000000000000000000000
000000000000111000000000000001100000000000000
000001010000110000000000000001010000000000000
000000110000000000000000010000010000000000000
000000110000000000000000011001110000000000000
000000000000000000000000000011100000000000000
000000000000000000000000001110000000000000000
000000000000000111000000001111100000000000000
000000000000000111000000010001101100000000000
000000000000000100100000100110100010000000000
000000000000000001100001000111011100000000000
000000011100000011000001110100000000000000000
000000010100000000000001100000000000000000000
000000011000111000000101000000000000000000000
000000000000100100000010000000000000000000000
000000000000111110000000000000000000000000000
000010000000001011000000000000000000000000000
001101100000000010000000000000000000000000000
000001100000000100000000000000000000000000000
000000010000000000000000000000000000000000000
000001110000000000000000000000000000000000000
000000000000000000000000000000000000000000000
